[Figure-8]
name = "Figure-8"
G = 1
M = [1.0, 1.0, 1.0]
y1 = [-0.97000436, 0.466203685, 0.24208753, 0.43236573]
y2 = [0.0, -0.933240737, 0.0, -0.86473146]
y3 = [0.97000436, 0.466203685, -0.24208753, 0.43236573]
T = 6.3259
h = 0.1

[Butterfly-I]
name = "Butterfly-I"
G = 1
M = [1.0, 1.0, 1.0]
y1 = [-1.0, 0.306892758965492, 0.0, 0.125506782829762]
y2 = [1.0, 0.306892758965492, 0.0, 0.125506782829762]
y3 = [0.0, -0.613785517930984, 0.0, -0.251013565659524]
T = 6.23564136316479
h = 0.1